10587
10965
7380
11806
6783
10577
12220
15736
8395
9894
9086
10187
11160
12439
9496
15447
12842
14696
11144
10250
10176
10228
10101
10091
9818
7598
4529
6130
10429
6224
14126
14274
12951
13116
14159
14455
10371
12575
9815
15738
20264
15181
12609
10596
13329
14400
6032
12149
13130
10144
9537
13306
8288
10910
7386
9781
10960
7904
8927
5746
9218
8164
9888
10047
10878
10220
15326
8737
5253
7784
5663
8939
8774
9544
3056
6507
8005
17469
15771
15157
14545
11274
11071
15701
10413
11168
11851
15516
15045
10369
12947
13169
15359
14803
15816
8610
17519
9215
12160
10903
10920
9682
17895
11761
13225
12619
14072
12956
13438
14208
12648
12067
9706
14764
10331
11309
17257
11746
12545
14963
12724
9704
12477
11052
12891
13345
13355
10886
11661
11907
8870
8041
9549
14058
7976
13509
11944
6142
12513
12043
7239
7516
14078
14079
13313
10166
11450
11815
12005
15871
8777
9632
10335
11956
10600
13664
16402
14064
9085
11360
9172
8988
8528
10343
8432
11172
8058
11016
10255
9949
9151
12546
12381
9067
11698
11243
11083
8736
11747
10768
13952
8830
7960
8142
18025
13754
10321
11058
19506
17520
12179
14715
11849
8272
12060
13517
11351
8285
10963
10380
9276
11348
14460
14794
7469
16378
9278
14520
9255
13232
11647
11116
15057
21662
9686
12411
8127
12846
11593
11420
9253
7646
6382
12899
14248
14028
11169
10019
12082
7658
7292
8567
7523
14661
20050
9636
9831
8257
7463
7391
9528
11741
13885
6234
5594
5391
5141
3597
4026
12003
7293
5152
6577
6852
6056
10492
11383
4372
5133
5980
5861
6093
7781
7507
6778
5568
8315
5569
4946
5323
3275
3290
5228
4900
6197
5150
4094
5729
6233
5395
4483
6738
5761
8010
3235
5806
3537
5843
5026
6218
10127
7553
4753
5484
5434
4398
5920
9501
1723
9354
5396
4968
4241
3812
3511
8788
7620
4759
7479
6693
4198
5715
2663
2248
4172
5148
4184
5589
6235
13013
3495
3557
4510
2636
3348
2804
2725
7159
4149
4033
6404
4394
11383
7243
5411
3736
4559
3981
4028
5370
2572
2568
4276
6305
9006
3671
4038
5609
6812
7525
7975
4030
7249
5557
10803
4624
7169
3176
2809
7341
4240
7701
7213
3834
5808
